6552362284088968712
6552362288727442952
6552362293080950275
6552362297514362371
6552362298823853575
6552362301244130824
6552362310172886535
6552362313947612686
6552362315898127875
6552362317592921608
6552362318445135368
6552362323305907716
6552362327580067335
6552362328238704136
6552362337280755203
6552362342162908675
6552362346055091715
6552362346055714307
6552362349864388104
6552362353764664840
6552362355794806286
6552362357037008397
6552362367466915332
6552362362678019591
6552362371602908676
6552362375042745869
6552362383057307149
6552362385423042056
6552362385423861256
6552362391727949316
6552362395854669316
6552362396651685380
6552362400397526542
6552362405035591176
6552362411008181763
6552362410438903300
6552362416092300803
6552362415846229511
6552362418223105544
6552362424602412552
6552362427686028804
6552362429933569539
6552362432723355143
6552362435680011789
6552362443850434062
6552362448778757635
6552362451496453639
6552362460752397832
6552362460753937928
6552362463584503310
6552362468579608068
6552362472555677197
6552362471621346829
6552362475593008648
6552362479644706317